0,004
1 
0,001
1 
0,003
1 
0,003
1 
0,000
1 
0,003
1 
0,000
1 
0,003
1 
0,003
1 
0,003
1 
0,003
2 
0,001
2 
0,003
2 
0,001
2 
0,003
2 
0,003
2 
0,003
2 
0,003
2 
0,000
2 
0,001
2 
0,001
3 
0,003
3 
0,003
3 
0,002
3 
0,003
3 
0,000
3 
0,003
3 
0,003
3 
0,002
3 
0,003
3 
0,000
4 
0,002
4 
0,000
4 
0,000
4 
0,003
4 
0,003
4 
0,002
4 
0,000
4 
0,003
4 
0,004
4 
0,001
5 
0,004
5 
0,004
5 
0,003
5 
0,003
5 
0,003
5 
0,003
5 
0,003
5 
0,001
5 
0,003
5 
0,006
6 
0,009
6 
0,009
6 
0,005
6 
0,005
6 
0,006
6 
0,004
6 
0,009
6 
0,005
6 
0,006
6 
0,054
7 
0,057
7 
0,054
7 
0,051
7 
0,056
7 
0,056
7 
0,057
7 
0,050
7 
0,052
7 
0,058
7 
1,171
8 
1,206
8 
1,229
8 
1,118
8 
1,176
8 
1,189
8 
1,195
8 
1,228
8 
1,184
8 
1,279
8 
52,521
9 
49,535
9 
47,648
9 
49,282
9 
52,860
9 
49,400
9 
49,212
9 
48,579
9 
48,967
9 
50,308
9 
terminate called after throwing an instance of 'int'
598,783
10 
terminate called after throwing an instance of 'int'
598,721
10 
