0,004
1 
0,003
1 
0,001
1 
0,003
1 
0,000
1 
0,003
1 
0,003
1 
0,002
1 
0,003
1 
0,003
1 
0,002
2 
0,003
2 
0,000
2 
0,003
2 
0,003
2 
0,003
2 
0,000
2 
0,003
2 
0,001
2 
0,001
2 
0,003
3 
0,000
3 
0,001
3 
0,000
3 
0,001
3 
0,003
3 
0,003
3 
0,002
3 
0,003
3 
0,003
3 
0,002
4 
0,003
4 
0,001
4 
0,003
4 
0,003
4 
0,003
4 
0,003
4 
0,000
4 
0,003
4 
0,001
4 
0,003
5 
0,003
5 
0,002
5 
0,003
5 
0,003
5 
0,003
5 
0,003
5 
0,002
5 
0,003
5 
0,003
5 
0,003
6 
0,001
6 
0,003
6 
0,000
6 
0,003
6 
0,003
6 
0,001
6 
0,003
6 
0,003
6 
0,002
6 
0,003
7 
0,003
7 
0,002
7 
0,001
7 
0,000
7 
0,003
7 
0,003
7 
0,000
7 
0,003
7 
0,000
7 
0,003
8 
0,003
8 
0,001
8 
0,003
8 
0,001
8 
0,003
8 
0,003
8 
0,002
8 
0,003
8 
0,001
8 
0,003
9 
0,003
9 
0,003
9 
0,000
9 
0,001
9 
0,000
9 
0,001
9 
0,003
9 
0,003
9 
0,002
9 
0,003
10 
0,001
10 
0,000
10 
0,003
10 
0,003
10 
0,000
10 
0,003
10 
0,003
10 
0,002
10 
0,003
10 
0,001
11 
0,003
11 
0,000
11 
0,003
11 
0,003
11 
0,003
11 
0,000
11 
0,004
11 
0,003
11 
0,002
11 
0,003
12 
0,001
12 
0,003
12 
0,003
12 
0,002
12 
0,003
12 
0,000
12 
0,000
12 
0,003
12 
0,003
12 
0,000
13 
0,003
13 
0,003
13 
0,002
13 
0,001
13 
0,000
13 
0,003
13 
0,003
13 
0,003
13 
0,003
13 
0,001
14 
0,003
14 
0,000
14 
0,003
14 
0,000
14 
0,003
14 
0,004
14 
0,003
14 
0,002
14 
0,000
14 
0,001
15 
0,003
15 
0,003
15 
0,003
15 
0,003
15 
0,000
15 
0,003
15 
0,001
15 
0,003
15 
0,003
15 
0,003
16 
0,001
16 
0,000
16 
0,000
16 
0,004
16 
0,003
16 
0,002
16 
0,000
16 
0,001
16 
0,004
16 
0,003
17 
0,003
17 
0,003
17 
0,003
17 
0,000
17 
0,003
17 
0,000
17 
0,003
17 
0,004
17 
0,003
17 
0,001
18 
0,003
18 
0,001
18 
0,003
18 
0,000
18 
0,003
18 
0,004
18 
0,003
18 
0,001
18 
0,003
18 
0,001
19 
0,003
19 
0,003
19 
0,003
19 
0,000
19 
0,003
19 
0,001
19 
0,003
19 
0,003
19 
0,004
19 
0,000
20 
0,003
20 
0,001
20 
0,003
20 
0,000
20 
0,000
20 
0,001
20 
0,001
20 
0,003
20 
0,004
20 
0,003
21 
0,003
21 
0,002
21 
0,003
21 
0,001
21 
0,003
21 
0,003
21 
0,003
21 
0,004
21 
0,004
21 
0,000
22 
0,001
22 
0,003
22 
0,003
22 
0,003
22 
0,003
22 
0,003
22 
0,000
22 
0,004
22 
0,001
22 
0,003
23 
0,000
23 
0,003
23 
0,003
23 
0,004
23 
0,004
23 
0,003
23 
0,004
23 
0,003
23 
0,004
23 
0,003
24 
0,001
24 
0,004
24 
0,003
24 
0,004
24 
0,004
24 
0,000
24 
0,004
24 
0,003
24 
0,000
24 
0,003
25 
0,000
25 
0,004
25 
0,000
25 
0,000
25 
0,003
25 
0,003
25 
0,004
25 
0,004
25 
0,000
25 
0,004
26 
0,001
26 
0,001
26 
0,004
26 
0,003
26 
0,000
26 
0,004
26 
0,004
26 
0,004
26 
0,005
26 
0,004
27 
0,003
27 
0,005
27 
0,004
27 
0,004
27 
0,000
27 
0,004
27 
0,004
27 
0,001
27 
0,004
27 
0,004
28 
0,004
28 
0,000
28 
0,001
28 
0,004
28 
0,000
28 
0,004
28 
0,004
28 
0,000
28 
0,004
28 
0,004
29 
0,004
29 
0,004
29 
0,004
29 
0,004
29 
0,001
29 
0,001
29 
0,004
29 
0,003
29 
0,004
29 
0,001
30 
0,004
30 
0,005
30 
0,004
30 
0,005
30 
0,004
30 
0,000
30 
0,000
30 
0,005
30 
0,005
30 
0,005
31 
0,001
31 
0,004
31 
0,005
31 
0,005
31 
0,004
31 
0,001
31 
0,000
31 
0,004
31 
0,004
31 
0,001
32 
0,000
32 
0,004
32 
0,005
32 
0,004
32 
0,000
32 
0,004
32 
0,004
32 
0,005
32 
0,000
32 
0,000
33 
0,001
33 
0,005
33 
0,005
33 
0,003
33 
0,005
33 
0,006
33 
0,005
33 
0,004
33 
0,005
33 
0,004
34 
0,003
34 
0,003
34 
0,003
34 
0,004
34 
0,005
34 
0,005
34 
0,006
34 
0,001
34 
0,001
34 
0,001
35 
0,004
35 
0,003
35 
0,000
35 
0,006
35 
0,000
35 
0,001
35 
0,001
35 
0,004
35 
0,006
35 
0,005
36 
0,006
36 
0,004
36 
0,001
36 
0,005
36 
0,001
36 
0,005
36 
0,006
36 
0,000
36 
0,004
36 
0,006
37 
0,000
37 
0,003
37 
0,001
37 
0,005
37 
0,006
37 
0,003
37 
0,006
37 
0,002
37 
0,003
37 
0,005
38 
0,004
38 
0,003
38 
0,003
38 
0,005
38 
0,005
38 
0,006
38 
0,005
38 
0,005
38 
0,005
38 
0,005
39 
0,006
39 
0,005
39 
0,006
39 
0,006
39 
0,001
39 
0,005
39 
0,003
39 
0,003
39 
0,006
39 
0,004
40 
0,007
40 
0,005
40 
0,000
40 
0,001
40 
0,000
40 
0,007
40 
0,006
40 
0,006
40 
0,007
40 
0,007
41 
0,004
41 
0,006
41 
0,007
41 
0,006
41 
0,006
41 
0,006
41 
0,007
41 
0,007
41 
0,005
41 
0,007
42 
0,006
42 
0,007
42 
0,003
42 
0,003
42 
0,007
42 
0,006
42 
0,003
42 
0,005
42 
0,006
42 
0,007
43 
0,004
43 
0,006
43 
0,005
43 
0,007
43 
0,003
43 
0,006
43 
0,006
43 
0,004
43 
0,007
43 
0,007
44 
0,003
44 
0,007
44 
0,004
44 
0,006
44 
0,006
44 
0,006
44 
0,006
44 
0,007
44 
0,007
44 
0,004
45 
0,006
45 
0,004
45 
0,001
45 
0,007
45 
0,005
45 
0,004
45 
0,007
45 
0,007
45 
0,004
45 
0,007
46 
0,007
46 
0,004
46 
0,006
46 
0,008
46 
0,004
46 
0,007
46 
0,006
46 
0,006
46 
0,004
46 
0,007
47 
0,007
47 
0,004
47 
0,007
47 
0,006
47 
0,004
47 
0,004
47 
0,004
47 
0,003
47 
0,007
47 
0,007
48 
0,008
48 
0,004
48 
0,006
48 
0,004
48 
0,004
48 
0,009
48 
0,005
48 
0,004
48 
0,005
48 
0,006
49 
0,006
49 
0,005
49 
0,005
49 
0,004
49 
0,004
49 
0,004
49 
0,008
49 
0,005
49 
0,006
49 
0,005
50 
0,005
50 
0,005
50 
0,005
50 
0,007
50 
0,008
50 
0,004
50 
0,004
50 
0,008
50 
0,008
50 
0,008
51 
0,007
51 
0,003
51 
0,008
51 
0,009
51 
0,008
51 
0,008
51 
0,004
51 
0,008
51 
0,009
51 
0,009
52 
0,009
52 
0,005
52 
0,006
52 
0,006
52 
0,005
52 
0,005
52 
0,006
52 
0,006
52 
0,008
52 
0,008
53 
0,009
53 
0,005
53 
0,005
53 
0,009
53 
0,010
53 
0,005
53 
0,005
53 
0,008
53 
0,007
53 
0,007
54 
0,008
54 
0,010
54 
0,008
54 
0,009
54 
0,005
54 
0,008
54 
0,004
54 
0,004
54 
0,004
54 
0,009
55 
0,005
55 
0,009
55 
0,004
55 
0,008
55 
0,006
55 
0,008
55 
0,007
55 
0,010
55 
0,004
55 
0,008
56 
0,008
56 
0,009
56 
0,008
56 
0,005
56 
0,004
56 
0,008
56 
0,008
56 
0,003
56 
0,009
56 
0,006
57 
0,006
57 
0,005
57 
0,005
57 
0,010
57 
0,009
57 
0,009
57 
0,008
57 
0,004
57 
0,009
57 
0,008
58 
0,004
58 
0,005
58 
0,004
58 
0,007
58 
0,009
58 
0,010
58 
0,004
58 
0,007
58 
0,005
58 
0,008
59 
0,007
59 
0,006
59 
0,009
59 
0,004
59 
0,007
59 
0,010
59 
0,008
59 
0,007
59 
0,009
59 
0,004
60 
0,005
60 
0,007
60 
0,004
60 
0,008
60 
0,009
60 
0,009
60 
0,005
60 
0,010
60 
0,006
60 
0,009
61 
0,010
61 
0,004
61 
0,009
61 
0,009
61 
0,011
61 
0,011
61 
0,009
61 
0,009
61 
0,009
61 
0,008
62 
0,008
62 
0,008
62 
0,005
62 
0,007
62 
0,009
62 
0,009
62 
0,009
62 
0,007
62 
0,011
62 
0,006
63 
0,008
63 
0,010
63 
0,011
63 
0,010
63 
0,012
63 
0,006
63 
0,008
63 
0,008
63 
0,007
63 
0,010
64 
0,005
64 
0,011
64 
0,010
64 
0,007
64 
0,008
64 
0,008
64 
0,007
64 
0,010
64 
0,007
64 
0,008
65 
0,010
65 
0,009
65 
0,007
65 
0,010
65 
0,008
65 
0,006
65 
0,010
65 
0,007
65 
0,006
65 
0,007
66 
0,006
66 
0,007
66 
0,010
66 
0,010
66 
0,011
66 
0,007
66 
0,010
66 
0,007
66 
0,009
66 
0,012
67 
0,007
67 
0,012
67 
0,012
67 
0,011
67 
0,010
67 
0,007
67 
0,008
67 
0,010
67 
0,007
67 
0,011
68 
0,012
68 
0,011
68 
0,012
68 
0,012
68 
0,007
68 
0,012
68 
0,011
68 
0,008
68 
0,008
68 
0,007
69 
0,009
69 
0,008
69 
0,012
69 
0,013
69 
0,013
69 
0,013
69 
0,007
69 
0,005
69 
0,011
69 
0,012
70 
0,007
70 
0,011
70 
0,011
70 
0,004
70 
0,008
70 
0,004
70 
0,007
70 
0,010
70 
0,007
70 
0,008
71 
0,008
71 
0,011
71 
0,004
71 
0,008
71 
0,008
71 
0,008
71 
0,008
71 
0,009
71 
0,013
71 
0,012
72 
0,014
72 
0,009
72 
0,012
72 
0,008
72 
0,012
72 
0,008
72 
0,013
72 
0,011
72 
0,008
72 
0,015
73 
0,009
73 
0,012
73 
0,009
73 
0,009
73 
0,014
73 
0,008
73 
0,009
73 
0,013
73 
0,014
73 
0,011
74 
0,009
74 
0,012
74 
0,013
74 
0,005
74 
0,009
74 
0,011
74 
0,007
74 
0,009
74 
0,011
74 
0,013
75 
0,012
75 
0,008
75 
0,014
75 
0,008
75 
0,009
75 
0,012
75 
0,009
75 
0,014
75 
0,011
75 
0,010
76 
0,009
76 
0,011
76 
0,010
76 
0,014
76 
0,013
76 
0,010
76 
0,005
76 
0,014
76 
0,008
76 
0,007
77 
0,014
77 
0,014
77 
0,012
77 
0,011
77 
0,013
77 
0,013
77 
0,014
77 
0,014
77 
0,013
77 
0,007
78 
0,013
78 
0,014
78 
0,015
78 
0,011
78 
0,009
78 
0,009
78 
0,012
78 
0,010
78 
0,010
78 
0,015
79 
0,011
79 
0,007
79 
0,011
79 
0,015
79 
0,014
79 
0,011
79 
0,014
79 
0,005
79 
0,011
79 
0,014
80 
0,016
80 
0,007
80 
0,011
80 
0,014
80 
0,009
80 
0,014
80 
0,012
80 
0,015
80 
0,011
80 
0,014
81 
0,014
81 
0,012
81 
0,012
81 
0,010
81 
0,013
81 
0,010
81 
0,011
81 
0,015
81 
0,015
81 
0,016
82 
0,011
82 
0,015
82 
0,009
82 
0,015
82 
0,009
82 
0,008
82 
0,012
82 
0,014
82 
0,011
82 
0,006
83 
0,008
83 
0,016
83 
0,014
83 
0,011
83 
0,008
83 
0,011
83 
0,014
83 
0,012
83 
0,011
83 
0,011
84 
0,019
84 
0,007
84 
0,015
84 
0,014
84 
0,015
84 
0,015
84 
0,016
84 
0,015
84 
0,014
84 
0,015
85 
0,008
85 
0,015
85 
0,004
85 
0,016
85 
0,008
85 
0,016
85 
0,008
85 
0,012
85 
0,011
85 
0,016
86 
0,012
86 
0,012
86 
0,014
86 
0,010
86 
0,011
86 
0,012
86 
0,015
86 
0,014
86 
0,016
86 
0,012
87 
0,016
87 
0,016
87 
0,012
87 
0,008
87 
0,016
87 
0,017
87 
0,008
87 
0,012
87 
0,012
87 
0,012
88 
0,015
88 
0,011
88 
0,012
88 
0,013
88 
0,010
88 
0,016
88 
0,012
88 
0,012
88 
0,016
88 
0,017
89 
0,009
89 
0,015
89 
0,015
89 
0,016
89 
0,015
89 
0,012
89 
0,015
89 
0,011
89 
0,008
89 
0,012
90 
0,015
90 
0,016
90 
0,008
90 
0,017
90 
0,015
90 
0,015
90 
0,012
90 
0,012
90 
0,012
90 
0,016
91 
0,008
91 
0,016
91 
0,009
91 
0,011
91 
0,012
91 
0,012
91 
0,012
91 
0,008
91 
0,013
91 
0,016
92 
0,012
92 
0,013
92 
0,017
92 
0,008
92 
0,011
92 
0,016
92 
0,016
92 
0,009
92 
0,015
92 
0,017
93 
0,016
93 
0,012
93 
0,013
93 
0,016
93 
0,017
93 
0,013
93 
0,010
93 
0,016
93 
0,016
93 
0,013
94 
0,013
94 
0,013
94 
0,017
94 
0,017
94 
0,017
94 
0,016
94 
0,013
94 
0,012
94 
0,013
94 
0,015
95 
0,017
95 
0,017
95 
0,013
95 
0,009
95 
0,018
95 
0,014
95 
0,014
95 
0,018
95 
0,017
95 
0,018
96 
0,013
96 
0,011
96 
0,015
96 
0,018
96 
0,014
96 
0,017
96 
0,011
96 
0,014
96 
0,013
96 
0,013
97 
0,009
97 
0,018
97 
0,015
97 
0,019
97 
0,012
97 
0,019
97 
0,012
97 
0,013
97 
0,014
97 
0,018
98 
0,018
98 
0,017
98 
0,017
98 
0,018
98 
0,014
98 
0,015
98 
0,018
98 
0,019
98 
0,013
98 
0,012
99 
0,015
99 
0,018
99 
0,019
99 
0,012
99 
0,019
99 
0,015
99 
0,018
99 
0,018
99 
0,018
99 
0,013
100 
0,019
100 
0,019
100 
0,019
100 
0,013
100 
0,015
100 
0,009
100 
0,016
100 
0,016
100 
0,015
100 
0,016
101 
0,019
101 
0,015
101 
0,012
101 
0,015
101 
0,014
101 
0,010
101 
0,014
101 
0,019
101 
0,015
101 
0,015
102 
0,010
102 
0,019
102 
0,018
102 
0,009
102 
0,016
102 
0,016
102 
0,012
102 
0,016
102 
0,020
102 
0,020
103 
0,019
103 
0,020
103 
0,019
103 
0,015
103 
0,016
103 
0,013
103 
0,020
103 
0,015
103 
0,019
103 
0,020
104 
0,014
104 
0,015
104 
0,014
104 
0,011
104 
0,020
104 
0,020
104 
0,020
104 
0,015
104 
0,016
104 
0,015
105 
0,020
105 
0,015
105 
0,012
105 
0,019
105 
0,011
105 
0,012
105 
0,012
105 
0,014
105 
0,015
105 
0,016
106 
0,016
106 
0,020
106 
0,020
106 
0,011
106 
0,019
106 
0,016
106 
0,015
106 
0,015
106 
0,014
106 
0,012
107 
0,019
107 
0,016
107 
0,020
107 
0,019
107 
0,015
107 
0,016
107 
0,019
107 
0,019
107 
0,015
107 
0,012
108 
0,020
108 
0,015
108 
0,020
108 
0,015
108 
0,019
108 
0,015
108 
0,008
108 
0,015
108 
0,020
108 
0,016
109 
0,020
109 
0,021
109 
0,020
109 
0,018
109 
0,016
109 
0,019
109 
0,011
109 
0,020
109 
0,014
109 
0,019
110 
0,016
110 
0,016
110 
0,020
110 
0,012
110 
0,017
110 
0,020
110 
0,015
110 
0,019
110 
0,019
110 
0,014
111 
0,018
111 
0,016
111 
0,012
111 
0,011
111 
0,010
111 
0,014
111 
0,016
111 
0,016
111 
0,020
111 
0,021
112 
0,016
112 
0,012
112 
0,012
112 
0,017
112 
0,016
112 
0,021
112 
0,021
112 
0,012
112 
0,016
112 
0,015
113 
0,016
113 
0,021
113 
0,012
113 
0,016
113 
0,017
113 
0,021
113 
0,017
113 
0,021
113 
0,017
113 
0,013
114 
0,021
114 
0,023
114 
0,020
114 
0,020
114 
0,017
114 
0,016
114 
0,013
114 
0,020
114 
0,020
114 
0,017
115 
0,014
115 
0,020
115 
0,020
115 
0,012
115 
0,014
115 
0,020
115 
0,016
115 
0,015
115 
0,020
115 
0,017
116 
0,020
116 
0,021
116 
0,013
116 
0,020
116 
0,021
116 
0,017
116 
0,017
116 
0,021
116 
0,014
116 
0,020
117 
0,017
117 
0,017
117 
0,016
117 
0,018
117 
0,017
117 
0,022
117 
0,017
117 
0,013
117 
0,016
117 
0,017
118 
0,009
118 
0,017
118 
0,017
118 
0,015
118 
0,017
118 
0,016
118 
0,022
118 
0,019
118 
0,021
118 
0,022
119 
0,018
119 
0,018
119 
0,019
119 
0,016
119 
0,024
119 
0,017
119 
0,014
119 
0,023
119 
0,020
119 
0,018
120 
0,014
120 
0,016
120 
0,018
120 
0,022
120 
0,014
120 
0,018
120 
0,022
120 
0,024
120 
0,022
120 
0,015
121 
0,020
121 
0,019
121 
0,020
121 
0,019
121 
0,019
121 
0,015
121 
0,019
121 
0,019
121 
0,019
121 
0,020
122 
0,020
122 
0,020
122 
0,018
122 
0,019
122 
0,020
122 
0,021
122 
0,020
122 
0,018
122 
0,018
122 
0,025
123 
0,020
123 
0,024
123 
0,019
123 
0,021
123 
0,024
123 
0,023
123 
0,018
123 
0,022
123 
0,022
123 
0,019
124 
0,017
124 
0,023
124 
0,018
124 
0,018
124 
0,020
124 
0,019
124 
0,019
124 
0,019
124 
0,019
124 
0,016
125 
0,018
125 
0,014
125 
0,016
125 
0,019
125 
0,019
125 
0,015
125 
0,020
125 
0,018
125 
0,022
125 
0,019
126 
0,023
126 
0,020
126 
0,017
126 
0,022
126 
0,024
126 
0,020
126 
0,019
126 
0,024
126 
0,019
126 
0,022
127 
0,018
127 
0,019
127 
0,023
127 
0,019
127 
0,019
127 
0,015
127 
0,024
127 
0,023
127 
0,015
127 
0,025
128 
0,020
128 
0,023
128 
0,015
128 
0,019
128 
0,014
128 
0,018
128 
0,024
128 
0,018
128 
0,023
128 
0,020
129 
0,019
129 
0,020
129 
0,024
129 
0,026
129 
0,024
129 
0,020
129 
0,020
129 
0,020
129 
0,020
129 
0,020
130 
0,022
130 
0,021
130 
0,020
130 
0,019
130 
0,027
130 
0,021
130 
0,018
130 
0,017
130 
0,018
130 
0,019
131 
0,021
131 
0,023
131 
0,023
131 
0,018
131 
0,024
131 
0,023
131 
0,024
131 
0,019
131 
0,019
131 
0,020
132 
0,020
132 
0,024
132 
0,024
132 
0,023
132 
0,020
132 
0,020
132 
0,023
132 
0,024
132 
0,018
132 
0,017
133 
0,025
133 
0,024
133 
0,025
133 
0,020
133 
0,020
133 
0,024
133 
0,019
133 
0,020
133 
0,016
133 
0,019
134 
0,024
134 
0,021
134 
0,021
134 
0,022
134 
0,021
134 
0,019
134 
0,017
134 
0,022
134 
0,026
134 
0,025
135 
0,026
135 
0,021
135 
0,023
135 
0,021
135 
0,018
135 
0,025
135 
0,021
135 
0,022
135 
0,020
135 
0,021
136 
0,026
136 
0,026
136 
0,023
136 
0,020
136 
0,022
136 
0,022
136 
0,027
136 
0,022
136 
0,021
136 
0,026
137 
0,025
137 
0,015
137 
0,017
137 
0,022
137 
0,025
137 
0,018
137 
0,022
137 
0,022
137 
0,025
137 
0,025
138 
0,022
138 
0,028
138 
0,018
138 
0,025
138 
0,027
138 
0,023
138 
0,021
138 
0,022
138 
0,028
138 
0,026
139 
0,018
139 
0,021
139 
0,024
139 
0,021
139 
0,020
139 
0,023
139 
0,024
139 
0,021
139 
0,021
139 
0,027
140 
0,021
140 
0,022
140 
0,019
140 
0,021
140 
0,022
140 
0,023
140 
0,024
140 
0,019
140 
0,022
140 
0,019
141 
0,023
141 
0,028
141 
0,022
141 
0,022
141 
0,027
141 
0,022
141 
0,022
141 
0,025
141 
0,023
141 
0,022
142 
0,021
142 
0,020
142 
0,022
142 
0,026
142 
0,026
142 
0,017
142 
0,023
142 
0,026
142 
0,022
142 
0,025
143 
0,022
143 
0,022
143 
0,026
143 
0,027
143 
0,023
143 
0,027
143 
0,023
143 
0,022
143 
0,023
143 
0,023
144 
0,018
144 
0,026
144 
0,023
144 
0,022
144 
0,022
144 
0,027
144 
0,023
144 
0,023
144 
0,018
144 
0,023
145 
0,029
145 
0,023
145 
0,023
145 
0,028
145 
0,024
145 
0,023
145 
0,023
145 
0,029
145 
0,029
145 
0,024
146 
0,023
146 
0,024
146 
0,028
146 
0,018
146 
0,020
146 
0,028
146 
0,029
146 
0,024
146 
0,026
146 
0,024
147 
0,020
147 
0,029
147 
0,023
147 
0,025
147 
0,025
147 
0,029
147 
0,025
147 
0,020
147 
0,028
147 
0,024
148 
0,028
148 
0,022
148 
0,027
148 
0,017
148 
0,022
148 
0,023
148 
0,024
148 
0,026
148 
0,019
148 
0,019
149 
0,023
149 
0,024
149 
0,023
149 
0,023
149 
0,023
149 
0,026
149 
0,023
149 
0,026
149 
0,027
149 
0,023
150 
0,020
150 
0,028
150 
0,023
150 
0,023
150 
0,023
150 
0,023
150 
0,028
150 
0,024
150 
0,018
150 
0,028
151 
0,028
151 
0,022
151 
0,023
151 
0,025
151 
0,029
151 
0,027
151 
0,026
151 
0,026
151 
0,026
151 
0,028
152 
0,026
152 
0,019
152 
0,022
152 
0,027
152 
0,022
152 
0,027
152 
0,026
152 
0,032
152 
0,026
152 
0,030
153 
0,026
153 
0,026
153 
0,020
153 
0,030
153 
0,024
153 
0,032
153 
0,028
153 
0,025
153 
0,026
153 
0,028
154 
0,032
154 
0,027
154 
0,027
154 
0,027
154 
0,030
154 
0,022
154 
0,027
154 
0,028
154 
0,034
154 
0,024
155 
0,021
155 
0,026
155 
0,030
155 
0,022
155 
0,024
155 
0,031
155 
0,027
155 
0,026
155 
0,031
155 
0,028
156 
0,023
156 
0,027
156 
0,035
156 
0,025
156 
0,032
156 
0,028
156 
0,027
156 
0,027
156 
0,031
156 
0,030
157 
0,032
157 
0,025
157 
0,028
157 
0,030
157 
0,026
157 
0,030
157 
0,029
157 
0,029
157 
0,033
157 
0,034
158 
0,029
158 
0,025
158 
0,029
158 
0,029
158 
0,029
158 
0,025
158 
0,025
158 
0,029
158 
0,029
158 
0,037
159 
0,024
159 
0,026
159 
0,030
159 
0,026
159 
0,032
159 
0,040
159 
0,028
159 
0,024
159 
0,034
159 
0,029
160 
0,034
160 
0,029
160 
0,032
160 
0,033
160 
0,031
160 
0,028
160 
0,028
160 
0,028
160 
0,025
160 
0,024
161 
0,025
161 
0,032
161 
0,024
161 
0,032
161 
0,034
161 
0,032
161 
0,028
161 
0,028
161 
0,021
161 
0,032
162 
0,029
162 
0,026
162 
0,033
162 
0,026
162 
0,026
162 
0,024
162 
0,026
162 
0,033
162 
0,034
162 
0,025
163 
0,034
163 
0,032
163 
0,031
163 
0,031
163 
0,020
163 
0,026
163 
0,028
163 
0,031
163 
0,025
163 
0,028
164 
0,028
164 
0,027
164 
0,028
164 
0,030
164 
0,028
164 
0,029
164 
0,032
164 
0,028
164 
0,033
164 
0,032
165 
0,024
165 
0,026
165 
0,032
165 
0,032
165 
0,031
165 
0,032
165 
0,028
165 
0,033
165 
0,030
165 
0,032
166 
0,024
166 
0,025
166 
0,025
166 
0,030
166 
0,033
166 
0,029
166 
0,029
166 
0,028
166 
0,030
166 
0,027
167 
0,030
167 
0,033
167 
0,034
167 
0,028
167 
0,030
167 
0,033
167 
0,025
167 
0,031
167 
0,025
167 
0,034
168 
0,034
168 
0,021
168 
0,030
168 
0,031
168 
0,035
168 
0,029
168 
0,031
168 
0,029
168 
0,026
168 
0,034
169 
0,036
169 
0,030
169 
0,031
169 
0,035
169 
0,027
169 
0,031
169 
0,031
169 
0,033
169 
0,033
169 
0,036
170 
0,027
170 
0,033
170 
0,036
170 
0,032
170 
0,033
170 
0,028
170 
0,030
170 
0,033
170 
0,032
170 
0,032
171 
0,036
171 
0,031
171 
0,033
171 
0,036
171 
0,032
171 
0,037
171 
0,031
171 
0,028
171 
0,037
171 
0,033
172 
0,032
172 
0,026
172 
0,035
172 
0,028
172 
0,032
172 
0,032
172 
0,037
172 
0,032
172 
0,033
172 
0,036
173 
0,037
173 
0,033
173 
0,036
173 
0,033
173 
0,037
173 
0,032
173 
0,029
173 
0,037
173 
0,032
173 
0,035
174 
0,033
174 
0,035
174 
0,032
174 
0,037
174 
0,034
174 
0,035
174 
0,038
174 
0,033
174 
0,034
174 
0,041
175 
0,038
175 
0,034
175 
0,035
175 
0,035
175 
0,032
175 
0,039
175 
0,034
175 
0,031
175 
0,044
175 
0,034
176 
0,033
176 
0,040
176 
0,036
176 
0,036
176 
0,034
176 
0,034
176 
0,033
176 
0,032
176 
0,035
176 
0,033
177 
0,035
177 
0,037
177 
0,033
177 
0,037
177 
0,038
177 
0,034
177 
0,032
177 
0,038
177 
0,038
177 
0,030
178 
0,030
178 
0,038
178 
0,035
178 
0,038
178 
0,039
178 
0,035
178 
0,033
178 
0,034
178 
0,030
178 
0,036
179 
0,037
179 
0,034
179 
0,039
179 
0,037
179 
0,035
179 
0,035
179 
0,035
179 
0,032
179 
0,035
179 
0,036
180 
0,034
180 
0,035
180 
0,036
180 
0,040
180 
0,035
180 
0,036
180 
0,031
180 
0,028
180 
0,030
180 
0,045
181 
0,031
181 
0,035
181 
0,035
181 
0,039
181 
0,034
181 
0,033
181 
0,033
181 
0,033
181 
0,029
181 
0,034
182 
0,035
182 
0,030
182 
0,034
182 
0,035
182 
0,034
182 
0,033
182 
0,035
182 
0,036
182 
0,031
182 
0,038
183 
0,036
183 
0,032
183 
0,034
183 
0,037
183 
0,037
183 
0,036
183 
0,035
183 
0,044
183 
0,039
183 
0,032
184 
0,027
184 
0,046
184 
0,032
184 
0,030
184 
0,036
184 
0,039
184 
0,036
184 
0,031
184 
0,048
184 
0,035
185 
0,040
185 
0,032
185 
0,037
185 
0,032
185 
0,039
185 
0,040
185 
0,037
185 
0,037
185 
0,036
185 
0,039
186 
0,037
186 
0,035
186 
0,032
186 
0,032
186 
0,041
186 
0,035
186 
0,034
186 
0,040
186 
0,036
186 
0,034
187 
0,039
187 
0,037
187 
0,032
187 
0,034
187 
0,040
187 
0,030
187 
0,033
187 
0,031
187 
0,036
187 
0,033
188 
0,040
188 
0,035
188 
0,034
188 
0,047
188 
0,037
188 
0,032
188 
0,037
188 
0,036
188 
0,041
188 
0,037
189 
0,041
189 
0,037
189 
0,037
189 
0,034
189 
0,032
189 
0,033
189 
0,037
189 
0,041
189 
0,038
189 
0,036
190 
0,034
190 
0,039
190 
0,042
190 
0,041
190 
0,038
190 
0,037
190 
0,037
190 
0,036
190 
0,038
190 
0,036
191 
0,037
191 
0,035
191 
0,033
191 
0,036
191 
0,028
191 
0,041
191 
0,037
191 
0,037
191 
0,041
191 
0,040
192 
0,032
192 
0,032
192 
0,037
192 
0,041
192 
0,036
192 
0,041
192 
0,033
192 
0,032
192 
0,041
192 
0,036
193 
0,040
193 
0,040
193 
0,039
193 
0,043
193 
0,044
193 
0,040
193 
0,037
193 
0,039
193 
0,035
193 
0,041
194 
0,044
194 
0,041
194 
0,035
194 
0,046
194 
0,040
194 
0,043
194 
0,039
194 
0,040
194 
0,039
194 
0,040
195 
0,044
195 
0,041
195 
0,038
195 
0,042
195 
0,035
195 
0,044
195 
0,036
195 
0,039
195 
0,037
195 
0,038
196 
0,036
196 
0,042
196 
0,039
196 
0,040
196 
0,038
196 
0,043
196 
0,044
196 
0,038
196 
0,038
196 
0,038
197 
0,043
197 
0,041
197 
0,043
197 
0,038
197 
0,039
197 
0,037
197 
0,037
197 
0,041
197 
0,041
197 
0,039
198 
0,032
198 
0,038
198 
0,045
198 
0,044
198 
0,034
198 
0,041
198 
0,039
198 
0,042
198 
0,037
198 
0,038
199 
0,038
199 
0,035
199 
0,035
199 
0,035
199 
0,043
199 
0,048
199 
0,036
199 
0,041
199 
0,036
199 
0,041
200 
0,042
200 
0,045
200 
0,042
200 
0,032
200 
0,040
200 
0,036
200 
0,048
200 
0,045
200 
0,044
200 
0,045
201 
0,042
201 
0,043
201 
0,040
201 
0,042
201 
0,036
201 
0,033
201 
0,042
201 
0,043
201 
0,039
201 
0,043
202 
0,043
202 
0,048
202 
0,044
202 
0,037
202 
0,044
202 
0,043
202 
0,039
202 
0,043
202 
0,040
202 
0,043
203 
0,045
203 
0,045
203 
0,043
203 
0,043
203 
0,043
203 
0,040
203 
0,045
203 
0,044
203 
0,044
203 
0,047
204 
0,037
204 
0,046
204 
0,049
204 
0,040
204 
0,051
204 
0,045
204 
0,045
204 
0,038
204 
0,050
204 
0,045
205 
0,060
205 
0,043
205 
0,041
205 
0,045
205 
0,047
205 
0,038
205 
0,042
205 
0,041
205 
0,047
205 
0,046
206 
0,047
206 
0,045
206 
0,037
206 
0,039
206 
0,045
206 
0,041
206 
0,045
206 
0,037
206 
0,043
206 
0,045
207 
0,042
207 
0,038
207 
0,041
207 
0,043
207 
0,046
207 
0,034
207 
0,040
207 
0,046
207 
0,047
207 
0,055
208 
0,042
208 
0,047
208 
0,043
208 
0,039
208 
0,051
208 
0,048
208 
0,047
208 
0,052
208 
0,043
208 
0,046
209 
0,047
209 
0,046
209 
0,038
209 
0,050
209 
0,047
209 
0,038
209 
0,049
209 
0,045
209 
0,042
209 
0,049
210 
0,048
210 
0,055
210 
0,044
210 
0,046
210 
0,040
210 
0,047
210 
0,045
210 
0,050
210 
0,049
210 
0,046
211 
0,048
211 
0,041
211 
0,041
211 
0,046
211 
0,041
211 
0,040
211 
0,042
211 
0,044
211 
0,043
211 
0,039
212 
0,049
212 
0,040
212 
0,050
212 
0,046
212 
0,044
212 
0,046
212 
0,040
212 
0,041
212 
0,040
212 
0,049
213 
0,050
213 
0,045
213 
0,041
213 
0,047
213 
0,045
213 
0,044
213 
0,045
213 
0,048
213 
0,045
213 
0,041
214 
0,042
214 
0,043
214 
0,044
214 
0,049
214 
0,048
214 
0,042
214 
0,046
214 
0,047
214 
0,045
214 
0,044
215 
0,046
215 
0,052
215 
0,041
215 
0,050
215 
0,047
215 
0,050
215 
0,054
215 
0,044
215 
0,056
215 
0,046
216 
0,051
216 
0,040
216 
0,047
216 
0,042
216 
0,046
216 
0,047
216 
0,047
216 
0,043
216 
0,042
216 
0,051
217 
0,047
217 
0,049
217 
0,046
217 
0,042
217 
0,045
217 
0,050
217 
0,046
217 
0,046
217 
0,047
217 
0,051
218 
0,041
218 
0,049
218 
0,047
218 
0,041
218 
0,042
218 
0,047
218 
0,035
218 
0,051
218 
0,040
218 
0,048
219 
0,046
219 
0,035
219 
0,045
219 
0,047
219 
0,047
219 
0,052
219 
0,046
219 
0,050
219 
0,047
219 
0,047
220 
0,052
220 
0,046
220 
0,047
220 
0,052
220 
0,066
220 
0,047
220 
0,047
220 
0,053
220 
0,053
220 
0,045
221 
0,052
221 
0,049
221 
0,050
221 
0,048
221 
0,045
221 
0,049
221 
0,052
221 
0,048
221 
0,048
221 
0,045
222 
0,045
222 
0,053
222 
0,048
222 
0,043
222 
0,047
222 
0,042
222 
0,046
222 
0,051
222 
0,043
222 
0,043
223 
0,046
223 
0,046
223 
0,043
223 
0,046
223 
0,046
223 
0,047
223 
0,050
223 
0,051
223 
0,051
223 
0,061
224 
0,040
224 
0,046
224 
0,048
224 
0,047
224 
0,050
224 
0,055
224 
0,044
224 
0,059
224 
0,055
224 
0,052
225 
0,057
225 
0,055
225 
0,055
225 
0,052
225 
0,051
225 
0,051
225 
0,056
225 
0,054
225 
0,059
225 
0,057
226 
0,040
226 
0,050
226 
0,051
226 
0,057
226 
0,053
226 
0,055
226 
0,054
226 
0,050
226 
0,050
226 
0,056
227 
0,060
227 
0,056
227 
0,057
227 
0,058
227 
0,061
227 
0,056
227 
0,056
227 
0,053
227 
0,053
227 
0,058
228 
0,053
228 
0,045
228 
0,051
228 
0,050
228 
0,057
228 
0,057
228 
0,054
228 
0,058
228 
0,053
228 
0,054
229 
0,055
229 
0,058
229 
0,053
229 
0,053
229 
0,051
229 
0,050
229 
0,045
229 
0,046
229 
0,051
229 
0,050
230 
0,055
230 
0,047
230 
0,046
230 
0,047
230 
0,056
230 
0,040
230 
0,050
230 
0,051
230 
0,053
230 
0,049
231 
0,055
231 
0,054
231 
0,061
231 
0,055
231 
0,056
231 
0,060
231 
0,050
231 
0,051
231 
0,056
231 
0,051
232 
0,056
232 
0,052
232 
0,060
232 
0,061
232 
0,056
232 
0,061
232 
0,055
232 
0,055
232 
0,062
232 
0,055
233 
0,058
233 
0,057
233 
0,060
233 
0,058
233 
0,058
233 
0,062
233 
0,057
233 
0,058
233 
0,059
233 
0,052
234 
0,056
234 
0,056
234 
0,054
234 
0,057
234 
0,049
234 
0,052
234 
0,053
234 
0,053
234 
0,057
234 
0,057
235 
0,050
235 
0,059
235 
0,058
235 
0,048
235 
0,050
235 
0,057
235 
0,046
235 
0,057
235 
0,055
235 
0,056
236 
0,058
236 
0,058
236 
0,053
236 
0,054
236 
0,051
236 
0,054
236 
0,058
236 
0,058
236 
0,054
236 
0,058
237 
0,058
237 
0,055
237 
0,055
237 
0,058
237 
0,058
237 
0,063
237 
0,062
237 
0,059
237 
0,062
237 
0,058
238 
0,052
238 
0,058
238 
0,054
238 
0,058
238 
0,058
238 
0,054
238 
0,050
238 
0,060
238 
0,053
238 
0,057
239 
0,058
239 
0,059
239 
0,062
239 
0,057
239 
0,057
239 
0,044
239 
0,058
239 
0,057
239 
0,058
239 
0,058
240 
0,057
240 
0,055
240 
0,058
240 
0,055
240 
0,063
240 
0,058
240 
0,059
240 
0,058
240 
0,058
240 
0,062
241 
0,058
241 
0,055
241 
0,054
241 
0,059
241 
0,060
241 
0,060
241 
0,058
241 
0,059
241 
0,053
241 
0,051
242 
0,061
242 
0,059
242 
0,050
242 
0,057
242 
0,058
242 
0,063
242 
0,058
242 
0,051
242 
0,049
242 
0,059
243 
0,058
243 
0,059
243 
0,054
243 
0,051
243 
0,058
243 
0,055
243 
0,058
243 
0,055
243 
0,064
243 
0,061
244 
0,061
244 
0,059
244 
0,055
244 
0,060
244 
0,059
244 
0,054
244 
0,059
244 
0,061
244 
0,059
244 
0,058
245 
0,044
245 
0,057
245 
0,057
245 
0,063
245 
0,056
245 
0,053
245 
0,059
245 
0,055
245 
0,058
245 
0,056
246 
0,056
246 
0,063
246 
0,064
246 
0,050
246 
0,055
246 
0,063
246 
0,059
246 
0,059
246 
0,063
246 
0,058
247 
0,057
247 
0,055
247 
0,056
247 
0,058
247 
0,057
247 
0,049
247 
0,056
247 
0,052
247 
0,054
247 
0,064
248 
0,052
248 
0,057
248 
0,058
248 
0,066
248 
0,056
248 
0,057
248 
0,069
248 
0,055
248 
0,060
248 
0,066
249 
0,060
249 
0,054
249 
0,062
249 
0,061
249 
0,063
249 
0,067
249 
0,063
249 
0,058
249 
0,057
249 
0,056
250 
0,058
250 
0,065
250 
0,052
250 
0,068
250 
0,057
250 
0,065
250 
0,058
250 
0,060
250 
0,060
250 
0,065
251 
0,065
251 
0,062
251 
0,056
251 
0,060
251 
0,061
251 
0,065
251 
0,060
251 
0,057
251 
0,065
251 
0,060
252 
0,057
252 
0,050
252 
0,058
252 
0,057
252 
0,070
252 
0,066
252 
0,066
252 
0,063
252 
0,066
252 
0,069
253 
0,067
253 
0,066
253 
0,062
253 
0,054
253 
0,062
253 
0,066
253 
0,061
253 
0,056
253 
0,059
253 
0,064
254 
0,062
254 
0,054
254 
0,060
254 
0,059
254 
0,058
254 
0,058
254 
0,057
254 
0,055
254 
0,057
254 
0,062
255 
0,057
255 
0,053
255 
0,067
255 
0,068
255 
0,072
255 
0,062
255 
0,070
255 
0,064
255 
0,073
255 
0,068
256 
0,063
256 
0,062
256 
0,064
256 
0,065
256 
0,068
256 
0,066
256 
0,069
256 
0,073
256 
0,070
256 
